Node Number = 1528
     278533.048298      506589.753154     221.5027
     265226.714512      449648.021474      25.9015
     308504.391412      511801.410607     303.4849
     259253.788346      467421.898213      17.3181
     264910.249729      450755.894728      19.2583
     269843.275555      503976.679478     247.5887
     272207.853665      526852.952334     284.5657
     272289.372804      521330.842260     314.9269
     301983.469071      511139.206826     427.2843
     242546.191964      501203.268611    1281.4291
     261337.117099      516713.290216     223.9397
     291767.292442      531402.283527     841.9744
     260356.480279      519121.440282     247.6049
     253402.738307      527452.961887     611.2272
     245752.701452      465248.079199     219.5693
     282259.796633      501508.715568     284.0685
     298665.353527      470100.413832     392.0774
     284501.027889      515494.299683     414.2859
     273492.488874      516362.165959     246.0163
     246311.039159      458647.011475     150.7171
     266494.181097      451178.637744      27.9704
     264830.329321      450461.983511      21.6191
     237814.952283      495780.668842    1582.0477
     264909.746832      449794.364224      27.9915
     247161.920496      492645.893610     714.6236
     289679.791862      455925.021363     483.7494
     307133.317181      519767.975589     387.9580
     297056.681355      493270.658699     439.3516
     299456.309208      523864.619693     488.5177
     256664.107831      468012.367517      38.5513
     317930.446209      493185.365502     172.2887
     315929.044569      494586.431226     165.8656
     313633.767779      521792.039036     342.2333
     274405.727364      483114.224724     183.3713
     267387.351422      503827.797909     261.8797
     264365.421763      458952.441915      48.7609
     256445.593600      492048.122709     170.4693
     252327.463361      454732.115390      39.1182
     303147.795878      496073.032298     348.1942
     265649.656302      449751.904217      25.3767
     267425.560060      450802.338910      29.1131
     294827.797037      465932.513223     378.3326
     269132.501193      474692.103492      80.5391
     296931.296050      510879.650923     567.4349
     252507.679645      478399.568464     170.8564
     265318.051353      451296.265725      19.8428
     239799.701017      491853.499538    1334.7405
     240804.744473      467920.627279     511.8703
     265434.118699      449850.565755      24.1011
     250868.410760      527191.041470     821.3005
     279828.857912      481997.961296     129.4873
     308995.052534      457206.799264     358.7626
     266351.496283      450829.145218      26.5600
     275363.039206      449622.736348     136.5167
     293734.986804      489257.645036     425.3155
     282394.555361      449605.196147     513.6573
     243629.524965      471403.679144     321.2511
     299605.941024      528210.643629     476.6939
     287902.612918      500218.827607     411.4504
     309433.420201      452311.852685     328.7142
     286447.458613      521872.267151     382.3715
     265222.086602      452699.182867      25.8385
     276052.388239      506300.091167     203.2501
     267871.449732      476661.193316     117.3352
     265869.311551      461413.717786      26.5677
     304383.607449      528951.482559     472.4477
     280129.281629      465431.134470     171.8505
     293719.546918      458226.598461     429.1527
     235572.645030      499932.153029    1822.9816
     275516.010046      480848.573271     132.1093
     262606.325945      518742.366209     246.5662
     253265.178731      464097.282672      28.6487
     241741.339828      496109.710842    1256.0321
     265569.259837      451918.281040      22.9395
     257916.255297      514612.004227     190.0268
     259122.383156      492328.474122     172.0773
     268433.591215      529308.291240     191.6032
     258511.141675      469826.302318      21.5145
     290333.198988      505943.345932     556.0822
     244751.299583      520455.528307    1088.0439
     294436.809618      510588.692786     629.9368
     277403.704131      504285.333200     200.5398
     267435.169517      449642.512490      33.3541
     288448.853367      517696.397526     514.3595
     262604.582818      450473.390431      39.2083
     311816.946169      484384.919928     244.2518
     256918.126819      488263.074532     162.6194
     281394.341400      496335.057077     273.6931
     303798.075467      509181.299763     384.7059
     259530.504281      507741.129059     279.8521
     309043.875598      509814.962611     281.8045
     274344.511172      525231.426989     355.3573
     296673.967854      454044.916549     485.1261
     257799.787985      480181.761302     178.3973
     262292.236619      451491.647574      38.1522
     309786.857848      506139.444060     286.3529
     307861.260936      494745.508335     313.6910
     284550.047284      468148.173512     285.3848
     258054.427056      490180.230393     163.5395
     261917.336680      463858.259483      29.0676
     243539.969941      451789.563521     194.4892
     311219.902663      472629.694394     205.2345
     269167.465236      491928.246523     149.0481
     265842.258304      463713.243616      34.6811
     242569.853704      475872.985355     545.1991
     258458.931214      476191.091214     144.0644
     288028.160083      497659.843054     401.1364
     267846.776397      451774.909188      18.1357
     267915.070142      451073.342625      24.2244
     299505.287755      454136.045561     461.2007
     240128.291543      494323.320362    1360.5984
     272766.733042      476501.702151      10.0140
     266411.600958      453110.223346      23.1683
     277035.135092      508562.040502     216.8365
     250732.860683      495590.217971     482.1191
     252846.316553      488852.815050     218.7438
     266687.030731      453853.615759      13.2143
     248092.000229      501610.449869     813.5558
     304439.820096      511425.701545     361.0997
     294253.713002      483108.513433     411.8719
     310370.497000      530972.020000     469.6447
     276000.976471      455549.426278     148.8548
     295910.369058      474481.287813     364.9055
     301881.331736      472828.040520     369.6727
     306493.881865      515539.185186     348.3557
     275282.650981      510572.198841     229.0460
     260601.834242      529685.645843     238.0669
     317870.600423      466163.167985     210.1470
     298092.926477      521691.886925     529.0092
     271442.048043      487333.285105     139.3216
     299423.614527      465598.056764     414.3599
     259194.985002      482515.803341     200.2506
     261351.083256      451254.717470      39.3331
     261432.576746      523335.631233     283.1688
     286400.137535      459320.271350     347.5083
     305747.980485      526577.693334     458.8774
     313968.097616      498492.508600     238.4888
     243997.854362      496600.303862    1072.3753
     254921.224034      494029.285082     194.8848
     268775.730331      454265.068332      31.6492
     311229.518642      511084.376978     253.7105
     269949.552830      466045.372678     174.2386
     265500.459438      449813.423910      24.5538
     315682.472642      509592.824304     166.5757
     273720.982667      474560.903754      15.1988
     280741.959163      462706.765213     169.2798
     291463.807773      479332.051622     369.0028
     241966.048160      455892.522258     405.1736
     268454.796646      452334.670806      20.9746
     265289.754510      450538.138339      19.9821
     294002.862203      476199.661904     359.1135
     250088.730414      477119.405342     175.1177
     262255.310619      507982.856255     261.3747
     266934.339057      512850.245018     229.3502
     292486.627854      460193.051939     404.3306
     265545.946553      449934.101094      24.3410
     264525.527868      449842.429815      32.9722
     281561.824153      493677.393145     268.5613
     256457.879981      482067.141862     186.9140
     263985.161334      449871.577873      33.7372
     293814.929450      508189.257273     613.0982
     301168.204834      477421.999534     382.2173
     244794.960643      524712.020566    1306.3716
     237638.432310      474499.005461     877.7922
     317845.153949      458055.679997     260.7824
     265713.099552      449775.981451      25.5596
     277633.008469      496063.867028     197.9484
     256975.307755      508319.823675     265.9938
     257562.719253      462952.154656      21.8635
     296638.444446      515114.800457     595.9561
     264621.889577      449649.530207      35.1452
     289269.813307      531409.732450     893.4334
     306561.699084      480761.619866     292.5727
     235546.481471      491811.764585    1656.0653
     302772.398833      475164.764419     354.0214
     269197.487541      497114.955807     231.4172
     266645.059390      483208.656797     179.6222
     269197.807925      453071.751757      28.4466
     263735.028644      450072.666396      33.4294
     252241.065808      473280.015693      34.4252
     311768.189324      467529.290017     273.6864
     267881.018617      450479.714719      31.7167
     290501.746370      529434.379566     411.6503
     263387.476896      529419.832823     219.7539
     286404.404661      524438.166849     358.8031
     264121.833780      492208.138340     171.8428
     284027.396274      483768.382194     245.9057
     255865.894322      470324.734520      40.5800
     265670.013333      450073.740667      24.3907
     257668.076645      529325.651446     277.5653
     257184.904845      454224.826083      36.8188
     275957.229068      459666.222147     176.6100
     289524.508529      487737.960014     405.8248
     281414.540131      483862.824575     165.0060
     265618.289284      449898.417378      24.7594
     296401.841437      478812.025524     394.9609
     257073.759370      522096.396600     348.2590
     271312.939929      501813.025748     250.5487
     242510.741594      487990.754574    1029.3664
     263801.330371      505831.530712     246.6921
     248755.532098      490805.693439     557.5820
     264154.057844      451383.980436      22.8374
     265350.495828      450223.049062      21.8356
     270609.025320      494947.069161     177.2271
     290240.597270      513427.402938     622.6235
     267417.407860      508412.485962     249.9821
     277257.982144      491208.962701     177.3523
     290124.863419      494210.650510     420.4333
     241919.322681      458497.553885     525.0620
     265360.365253      450972.032880      19.4628
     250677.038700      531524.837750    1688.6083
     263261.132427      475891.226583     149.4755
     287478.922597      509716.417146     541.6703
     317954.157992      503615.953731     205.8746
     265543.136439      451520.295346      21.9103
     278370.420451      451435.638549     278.2181
     258279.232733      500989.909078     271.5147
     308051.845653      469253.875304     278.3568
     277189.607414      488775.737144     216.5254
     288613.655434      460155.593650     371.8134
     250607.423405      459956.895247      19.6269
     277224.353884      531445.658882    1141.6217
     265314.520651      485417.813631     159.8590
     239772.260494      497243.129743    1453.6322
     308019.560283      454644.598542     371.3471
     249008.323044      451648.952451      13.8366
     245913.040462      469675.104762     179.7012
     281058.699959      451563.191182     438.7360
     302762.600171      468323.354198     369.2194
     315848.130163      456063.150588     221.2885
     288139.374682      529111.151171     355.8973
     265186.286376      450760.173622      18.2945
     292882.452076      499379.149764     496.7375
     254611.207003      477046.464180     136.4651
     252415.380791      509729.085321     278.3596
     317861.588327      470324.437251      13.0935
     269434.646045      520658.736711     268.8369
     239087.785820      529189.227289    1782.2644
     286480.609065      479267.712620     278.2573
     267195.415672      531475.570756    1348.2601
     244780.702312      515763.169264     884.5901
     282608.688664      481783.414319     161.8215
     262719.031865      452300.522338      35.6435
     271138.972152      492591.478987     109.8946
     273359.375099      455477.918507      83.0891
     305604.071319      488659.943931     300.6689
     262046.980717      450804.221884      40.1664
     245505.829844      494609.279790     899.1354
     243071.314202      513736.407618     993.2196
     259602.125182      512343.327319     212.1944
     264238.668228      450692.631668      24.5754
     269215.555912      483210.672828     175.8871
     309905.903355      459961.108678     335.1795
     288099.174913      492646.183453     393.8868
     264854.976259      508166.497314     244.4070
     288119.140202      449590.916404     608.3376
     311422.914330      465057.478066     298.7042
     304453.540709      473151.015867     325.9841
     268512.239543      451431.349596      28.5525
     282161.116294      508714.277072     329.4716
     265941.104010      450539.836561      23.9638
     309321.931451      524314.876945     441.9037
     255022.826666      461410.044774      14.1914
     309395.692541      528689.482650     466.3308
     309389.980761      519538.227982     381.7685
     270506.382307      481113.840246     160.5444
     249890.085802      506255.394566     606.6746
     254450.405536      508846.143390     227.4313
     262849.268283      450021.949413      39.2642
     240638.286617      527036.000721    1651.8622
     279930.445542      458062.902058     203.6530
     278229.946625      467373.164571     151.2508
     264934.885587      496483.262342     186.3182
     263478.221441      449652.383082      37.8115
     265897.128309      453540.166949      27.2279
     260120.920341      471616.626991      46.0875
     274319.580547      450773.901831     103.4650
     309517.411580      467189.917290     281.3152
     273348.461865      452243.776331      57.2197
     265154.677568      449875.739847      23.8030
     290259.392401      473767.557303     345.2771
     315785.557892      502824.345876     183.7404
     251325.311842      469095.394076      14.1358
     248277.217560      472129.449717     139.7488
     260203.698575      494519.225658     185.9736
     265792.461501      449801.747076      25.8027
     288093.250499      485518.135330     381.8397
     264108.558967      487656.820849     167.6064
     274541.579532      522712.031325     328.3117
     282206.985928      519282.450703     295.8691
     303380.458010      521975.542511     446.8120
     310933.853995      479404.519834     235.3212
     297758.056281      491056.096732     406.1674
     275097.178753      452247.061569     141.1153
     300886.925812      526147.632918     466.1420
     265496.568558      450011.855154      23.7404
     247143.586671      514738.694185     679.4053
     262801.606005      451002.754537      36.4740
     306070.012660      521986.575973     418.7488
     305428.734621      449547.737684     374.1766
     265549.428973      450304.504641      22.7059
     301895.945495      519853.987444     472.0798
     300058.669285      479808.225773     384.9305
     254254.000301      522851.017674     573.4210
     284333.033825      520530.042668     336.5534
     263417.351982      510255.192346     247.0274
     280213.434106      500488.082342     248.5532
     248645.698510      469597.855352      73.8989
     262571.608949      459179.284794      44.7264
     264757.015726      451058.518020      19.1698
     290049.557192      496471.694532     426.7291
     244533.066945      499081.368081    1073.0971
     288203.997802      469917.604748     360.4099
     279088.314492      523447.958622     287.7054
     248174.672898      507995.936347     641.6704
     307828.891711      449541.750513     342.2103
     262854.702124      514634.615497     230.7130
     265797.556722      449907.769574      25.4712
     282180.607824      531430.876466    1039.5013
     243987.511285      459281.301067     369.5641
     249466.030848      518336.329480     714.4691
     299511.987101      498400.774862     433.6039
     247593.354539      478396.367234     295.9483
     269305.911196      460694.890890      54.3674
     292074.508544      469819.603412     348.8873
     283904.219672      507009.501628     369.7481
     310928.846545      455001.659392     324.1431
     263968.517166      450437.155146      28.4915
     288163.547134      474051.590401     333.5017
     279613.014019      521443.387823     268.4914
     279639.109409      508520.569527     259.8174
     304261.004761      499809.690269     329.3557
     287565.476060      526801.301965     361.4090
     247196.041785      505745.190372     827.2390
     272906.607904      495724.715993     206.9749
     303041.318208      517860.822516     427.3299
     317911.891660      485023.036709      91.3887
     297563.923279      506616.760878     524.5332
     298732.022079      477515.860726     395.1063
     316920.497000      449772.020000     163.5548
     262518.839876      521030.708773     267.2451
     274289.425830      461560.602211     183.0084
     248942.774824      503895.098792     730.1828
     276963.985287      453328.820395     181.8434
     239570.485031      510808.425474    1265.8622
     268827.236917      517907.895518     240.5682
     237685.474405      506651.853016    1502.5242
     265550.189416      494184.396209     163.9697
     235617.085217      513725.071810    1601.5542
     313480.400011      519135.871245     316.8986
     261863.669420      473689.639713     120.0491
     244482.653390      505736.454811     997.3199
     240396.949783      477493.910795     764.2223
     299332.570571      519648.218517     514.7789
     267418.148128      450321.663640      32.5291
     278851.230701      460486.535802     171.5252
     248299.882225      527162.970974    1030.4609
     256324.723215      531507.993749    1572.2458
     265789.825592      450032.276304      25.0251
     281435.315289      523812.412751     282.2471
     266171.720007      449645.664165      27.8935
     270519.469980      485277.643851     164.6409
     272624.563753      509976.673575     237.1070
     267310.611098      449934.623200      33.0509
     298336.949279      484674.600663     384.3372
     260767.061544      458204.031845      41.3961
     264662.271640      450029.630759      27.3334
     271998.320274      451845.367974      14.2103
     309951.804943      490924.399730     303.8589
     244910.792536      449698.699576     121.5467
     266098.497286      451053.586524      24.7505
     265111.038523      449648.310027      27.6694
     267113.725050      449643.314332      31.9687
     244216.182797      463446.905936     374.1501
     279871.953815      473303.248413      46.1741
     265614.528920      449647.054075      25.5799
     290023.911519      511051.155854     620.6633
     266832.602102      474082.659833     143.8006
     235476.960160      470234.373668     946.9561
     313327.505378      463279.616331     319.5279
     283871.675933      513130.603556     423.7979
     275721.602416      468229.059198     130.9527
     276653.604306      526684.823483     275.2227
     252406.866978      513695.597899     249.9093
     282979.490194      527306.416717     278.3255
     247878.386398      488288.016157     589.3940
     270852.490063      451530.022878      16.7991
     266225.952978      506023.187628     253.5621
     243244.512998      526944.390287    1439.4414
     317924.337634      490498.036024     145.6810
     264123.161509      450133.876177      29.3130
     260326.962016      451443.161886      34.2425
     265382.669658      450000.397928      23.0778
     243378.482790      522553.265298    1288.1093
     315733.016666      520523.734192     253.3782
     259312.009466      487726.531551     168.2147
     282963.597470      510981.741715     378.3325
     309607.421985      483644.091488     275.6035
     241929.310903      463724.977554     552.1463
     299098.335236      458683.975575     437.9172
     264785.530468      519449.802156     264.6208
     255773.316193      450942.455238      31.0175
     244357.589821      474107.304077     360.2391
     281130.332082      455745.665409     326.7092
     244907.032609      467426.137170     224.5894
     304583.526934      524189.741026     448.6396
     265583.350120      450862.124539      20.8146
     259274.238754      473956.144326     107.2392
     250760.372684      502009.909463     587.5935
     260783.968047      450469.516511      33.9162
     265780.540430      450719.635290      22.2201
     251729.004975      497954.765207     463.5745
     305184.503424      454418.217374     404.3512
     262972.558600      480776.343310     181.3481
     255040.823614      506581.444361     263.8512
     261237.402059      449657.972790      33.4065
     283645.729211      497470.034881     327.6982
     279525.324117      495042.771333     216.2494
     258634.462207      455721.204909      24.7024
     248737.860868      522513.071510     993.8123
     242874.354639      485691.020097     957.9921
     235486.395211      473162.731077    1007.3716
     243903.741812      508499.593222     966.2410
     297854.759329      513033.854847     555.7463
     235873.782853      457183.315483     914.7451
     235538.969946      466378.929081     982.4465
     265640.906785      449821.068167      25.1104
     306135.844232      478007.552278     301.0178
     283534.775881      529355.562612     232.9161
     265465.910071      450531.833851      21.1191
     286050.155349      491561.504455     358.5440
     263015.042861      497156.123563     196.8589
     256936.015779      498831.851247     267.0285
     265234.913167      451698.989701      21.5496
     294207.522890      514953.720240     636.2340
     302458.042346      501254.389983     367.1800
     313511.211338      480049.751425     206.5206
     312822.414156      530626.514068     443.8461
     286936.661154      502861.924085     422.8940
     250895.601970      464504.810299      16.8313
     280420.648124      510624.855139     292.1353
     315928.550293      491905.405088     182.9032
     288265.450757      453753.246200     544.5646
     279113.663056      502399.712509     222.1650
     265910.580076      449964.186137      25.7520
     252287.952346      461922.219519      12.4250
     265700.426262      450316.570432      23.5990
     290545.525387      461382.623505     381.8270
     267911.778733      485422.895585     161.9454
     291269.256459      523778.101301     488.3345
     279391.271653      492566.821033     197.2656
     256107.948091      516014.338348     292.6833
     293938.064948      524196.611022     517.2502
     266804.255996      451528.232040      29.3424
     305304.372669      475558.570061     309.6960
     296824.551090      523681.420699     518.1631
     258585.440906      450584.755586      21.9465
     292133.858706      474868.617146     347.2093
     265526.156992      449709.899612      25.0047
     285170.597212      481454.705747     246.4930
     310110.654036      449550.067251     307.1934
     247308.111452      524775.573602    1110.8978
     265356.238513      514885.566496     234.9144
     247945.509842      512411.564419     580.7720
     270178.792468      453938.560606      25.7697
     275875.286636      515770.706613     251.8420
     290331.698616      463796.552603     369.0974
     239720.497000      531422.020000    1743.3877
     265822.175889      449646.536098      26.4421
     306999.305250      473634.794991     274.3646
     283733.057258      490151.254950     320.6585
     313794.312123      482646.824404     185.4456
     263040.020559      453886.720019      26.1548
     247622.750218      453921.126570      11.6513
     305469.396624      531219.810042     480.0824
     285785.425330      493897.745710     360.7107
     247675.893114      449691.802046      12.4282
     270579.627080      525157.438310     308.4027
     245283.375476      484705.086498     747.9544
     311541.219728      481831.449344     255.5660
     250743.811257      511557.170221     335.9316
     258806.958806      449664.035436      18.1942
     280105.133467      475868.171261      40.2108
     264355.035648      450383.085534      25.0631
     287712.097831      464982.746617     346.5963
     311811.147159      475260.818609     178.4042
     311952.171266      492140.564004     284.0514
     291636.687864      477261.757722     360.0034
     295844.948167      525533.466525     504.2440
     257574.255847      484070.455956     188.0379
     294536.030726      468386.816130     359.4314
     304489.545589      502548.565771     336.1032
     303700.646565      463750.042977     377.7486
     235555.216780      494522.948399    1721.6909
     256214.925194      452549.078974      35.0478
     267107.049994      526972.878836     223.0417
     266026.982909      450776.547438      23.7675
     265594.904479      449773.442521      25.0782
     301197.970906      505308.914788     416.4160
     314280.573068      513937.800385     207.5730
     311256.801089      518077.232236     352.0130
     285364.469535      453636.239627     540.5013
     315567.017807      478284.844664      44.9607
     274704.032822      457488.897178     147.6687
     292043.261155      510135.241980     634.2143
     314138.897070      500928.939465     253.3101
     267212.893860      519893.694530     267.8601
     286778.675607      455651.320311     492.5882
     255906.287122      496421.863510     239.9617
     314370.065020      507550.137722     197.0697
     257540.052900      494345.305737     200.2414
     265585.018046      449712.455612      25.2401
     278873.910304      525432.572717     273.7821
     294491.800235      519497.277367     590.1873
     281630.006761      498780.888289     280.7383
     306675.506734      512728.413209     326.9160
     313699.372693      511460.357869     203.9449
     278575.223097      529642.238722     200.3990
     257533.196727      503146.686016     269.1771
     259499.050392      527815.322952     215.1040
     262528.294160      471301.824732      99.3727
     265410.104711      480913.943951     171.0719
     264427.221373      450086.908054      29.8530
     289126.267951      483383.740597     379.8271
     264709.083198      527106.014410     237.5137
     265547.598731      449770.439760      24.8922
     264619.763160      450306.664908      23.8436
     289984.104065      468590.755707     363.7674
     262256.921253      457276.069996      33.6920
     267358.586423      460023.677736      41.2175
     273602.965326      506011.238132     215.1118
     244525.997665      531532.052046    1363.6807
     262041.175465      499244.323267     232.5405
     252912.800394      520641.523661     714.3151
     264279.409523      449866.799304      33.6807
     269114.542412      487616.993966     154.2477
     266176.929616      449901.061716      27.0657
     292151.721808      493266.954685     433.1611
     254818.551200      454159.568001      34.3060
     236321.285887      468458.114766     874.3369
     245420.134621      501209.496113    1038.0480
     276582.534028      524263.778239     293.5280
     237939.629047      523300.964854    1662.8972
     238268.065445      526011.487457    1801.3972
     246433.448927      497070.828949     876.5730
     265404.416134      454038.403863      30.3806
     246098.128790      510399.611406     741.5276
     279502.341210      487982.531383     233.4232
     266674.784928      450737.164145      29.2963
     313721.441385      473762.029994     175.5574
     317891.054708      476890.137480       6.6978
     283710.476236      479474.801542     168.3337
     272818.603259      450740.414595      27.3499
     240218.046533      465410.459280     631.2707
     301669.984493      482086.376475     351.3102
     235635.039073      519297.315052    1711.0917
     275985.224235      484773.758717     173.4700
     257663.370310      449666.888197      15.0352
     288611.398365      522928.478039     432.7116
     298669.511654      488776.364484     369.7771
     265019.556706      450299.823457      21.6707
     307424.877027      482843.024849     286.0415
     313334.320785      516382.933922     283.1525
     266958.484520      449871.149054      31.4818
     282373.443398      469474.769654     185.1349
     286601.139528      483445.722113     327.0461
     294738.985860      487095.097222     416.9689
     265918.877268      449646.294877      26.8436
     239634.772426      454275.174670     548.5687
     247515.147929      520115.660685     917.6147
     242116.844079      498619.393094    1267.5374
     267932.055480      464824.090630     117.1143
     261667.085053      492334.828901     158.0930
     290034.435694      499185.687977     447.6892
     292438.186184      451774.415155     552.2702
     241620.497000      531522.020000    1593.6943
     288422.997170      490035.405898     392.6071
     303517.460801      456648.759849     418.8694
     311916.337385      489455.832317     278.2912
     283723.870543      492539.828806     314.5828
     260535.168934      480553.175242     198.0212
     262443.191548      503551.252268     252.1390
     268256.815379      467563.042028     163.1083
     315892.568523      483717.197636      43.5624
     246222.829193      451900.461627       5.8873
     310077.681211      493696.334360     302.6180
     270153.916289      456937.294934      22.4730
     267788.955798      449641.629969      32.4912
     241582.291118      511958.716192    1091.4669
     265226.876373      450350.851208      20.4615
     251475.828493      522746.118521     793.8139
     236098.173973      454328.547629     849.5465
     300351.513607      475099.343852     381.6626
     284352.749574      470913.209621     261.0816
     310180.422297      513224.889188     306.3992
     272438.385264      453751.591643      37.7123
     269910.601379      451218.351881      29.1357
     296839.860497      472287.519339     369.9326
     262254.564564      461258.277553      31.0614
     289288.395574      502042.918289     473.2257
     268735.734442      469977.754500     165.0961
     311566.198227      504323.151659     277.1108
     258067.454541      452597.359674      36.9333
     300094.257399      467971.890163     402.7477
     248410.003128      464949.003730      24.7956
     269116.877125      450924.484677      28.4746
     254830.707279      466232.907110      39.9164
     264241.075098      460557.215700      25.7812
     272439.415667      523923.729154     384.3712
     279792.695959      478300.913658      53.9706
     295256.873057      512851.769329     626.6948
     315531.586350      470193.990620     152.6186
     258423.418795      510139.360147     252.7849
     303039.876532      449553.696732     414.7565
     258056.720436      526175.798812     261.6202
     273462.915016      529389.312980     196.2208
     265596.510845      449995.885628      24.3450
     236545.491404      449772.006490     791.5399
     265491.790394      449760.325587      24.6945
     248839.981328      458117.373344       7.9508
     273262.941003      518859.909257     261.2478
     277453.906913      457957.195190     167.1591
     278759.120479      484238.898108     161.6263
     289076.102397      478779.655432     341.0867
     303962.403294      515872.961205     395.3170
     274605.015855      508325.742935     218.0649
     264061.412793      452659.321116      29.1447
     264763.818846      456697.639421      50.4613
     253345.122626      502486.096870     369.0434
     315660.562262      472453.236785     107.0597
     307522.770209      497078.283361     318.0845
     298132.821109      474857.576175     383.5536
     265877.183795      450313.468836      24.4519
     299525.307266      510971.993618     496.3393
     246977.081797      462960.670151     152.5316
     289634.206666      451707.011089     577.3706
     265826.413777      455041.626376      35.2463
     291566.788877      507873.583992     605.9670
     285787.832602      496285.802179     367.1920
     304556.227928      479661.987067     318.3465
     251915.047429      518386.728440     622.1778
     297328.240510      467563.142104     392.2159
     290271.455876      491686.074795     413.7427
     237790.356139      490413.836136    1439.6921
     265778.367701      451286.150046      23.0688
     288074.057845      462622.005213     340.9661
     300762.710620      449559.376930     454.1606
     272171.496509      507898.497053     234.6639
     308225.893074      526579.000383     460.6332
     266324.445223      451649.558751      27.3406
     317976.491772      513440.546314     202.7546
     284638.661736      531423.545171     988.8549
     239660.995820      520121.269584    1414.8250
     310742.140062      508366.963525     248.1346
     235495.365377      475946.817523    1084.6726
     294372.118763      497104.654821     487.3054
     278838.287186      527663.815948     243.3572
     309678.707365      486052.418453     283.3127
     271650.015685      478862.040211      67.5368
     270699.687114      458927.210312      52.1152
     283556.632931      495047.831512     321.1462
     302820.906198      461279.636737     399.2439
     296186.836611      489142.637388     406.6784
     269302.876860      513229.726451     236.4960
     282183.563235      477436.197209     123.7246
     268463.628208      510764.947678     240.9148
     306818.322761      503334.517662     317.7096
     266055.614742      450014.858563      26.1844
     259208.183268      505267.961525     272.7098
     254967.056403      479711.556391     165.5249
     271396.650193      516909.307604     242.1569
     268445.002370      450675.955082      30.4260
     303452.880091      488898.148905     309.0834
     275653.124156      463685.607982     177.4695
     299382.508514      472570.724338     384.1099
     256084.774767      527310.820420     367.4640
     252091.374512      529483.814253     713.2343
     265738.362554      452909.284119      27.0385
     258803.189870      517010.918031     238.3005
     296814.772684      527620.012786     486.9924
     270484.701025      476591.066709      24.9022
     295073.874022      499705.848240     513.0230
     237911.505563      458780.739204     829.4569
     317986.975685      518052.439888     201.2894
     286796.113002      451659.368183     588.7636
     264719.575878      453843.617996      33.0110
     253824.106384      491590.736659     177.6796
     270980.306782      519190.662808     260.9906
     260952.400170      501214.059060     264.9107
     263810.496323      449651.554224      37.4755
     253487.239437      504962.584979     334.3032
     243006.282822      480811.254920     733.2728
     275085.784141      492457.048321     118.5062
     273037.984672      480964.870880     158.8246
     266470.270545      450470.243443      28.0007
     267620.279454      515374.876462     230.6623
     288096.492067      506819.601483     514.3134
     266849.035200      458229.102573      52.8696
     317885.245203      473111.888313      10.3278
     264122.424009      462642.165506      14.8713
     238277.241941      467021.851400     741.1236
     249794.576219      524860.834606     905.7953
     264398.026855      449650.088631      37.2284
     282114.892487      514879.370374     341.2059
     235598.965121      508101.036256    1644.8740
     249783.321142      493180.606170     501.2829
     243795.472276      489775.577020     953.1716
     277812.897712      472125.233086      14.7401
     309422.317196      474365.392874     222.3352
     268166.776177      453282.689340      21.4551
     269751.663694      531467.946931    1295.5928
     268639.122625      458470.750418      39.4617
     265693.492157      449959.547269      24.8678
     311781.988827      497490.937209     290.4424
     263596.678288      450494.498597      31.9420
     240356.421883      489367.914761    1222.8228
     302351.718710      454268.915458     437.6362
     265150.474907      450017.570564      22.8624
     265708.388382      449861.796053      25.2546
     273410.742772      512142.817382     240.9168
     301119.435804      470415.106455     386.0136
     294491.306730      493777.274431     455.7892
     265263.799891      449839.645200      23.4426
     242073.561506      449705.776930     348.3874
     245966.609173      507918.369773     814.3090
     311810.080913      528535.631619     422.9056
     245926.415066      472007.860232     211.9342
     270876.208954      511472.922281     246.6560
     291256.097222      501109.181929     493.9345
     263588.372301      501437.647029     251.1638
     265511.843008      449874.064491      24.3993
     265802.968141      450981.454408      22.6236
     242086.858114      504132.913176    1245.8452
     242068.204663      506729.850747    1139.1971
     297848.215115      529560.879858     486.0959
     264045.960294      454429.949357      32.3678
     298225.166720      496573.793946     457.9456
     293593.039616      449577.261782     573.8675
     286279.822480      513916.405474     507.5734
     297899.590684      480332.753335     399.9088
     245821.451778      527045.027825    1232.2915
     264857.195094      449965.497059      25.5588
     247610.165739      485901.117172     593.5876
     240437.106916      481941.881958     968.9849
     282508.912566      457819.791632     301.6280
     249887.530637      513818.360074     432.3659
     307017.335243      524225.955878     440.6396
     244878.114922      454241.665572     131.2935
     282863.056283      485996.221486     261.8967
     254248.137436      518211.959808     530.1619
     280478.564952      486046.657531     204.6979
     277885.069130      477141.167209      18.5937
     315791.947622      480968.475335      41.8925
     292618.979186      495446.619512     455.6163
     301839.469826      458845.545105     415.4698
     286939.721315      531416.681818     941.4413
     274473.297118      527482.012075     280.6796
     307363.682212      485281.595759     288.4930
     305524.863227      507549.492432     347.4740
     266947.314938      451031.413344      30.9595
     247688.075552      480872.532981     434.2216
     261936.297902      531491.256563    1456.6214
     253718.031548      515856.331362     367.9677
     273192.670743      488443.345349     118.7101
     300465.836935      517612.361161     501.2552
     297278.097266      486870.570186     391.0819
     255153.080856      513624.165180     179.4548
     303164.795956      484289.518111     319.1446
     245234.258753      487404.504444     804.5559
     308803.556845      521982.327277     410.6715
     261633.356466      487581.960654     158.5372
     310720.701767      515807.776148     330.8489
     283921.722443      451607.777669     543.2320
     281949.746858      521548.916821     286.7588
     265005.612211      450090.721267      23.1694
     313939.528014      490646.030430     238.0765
     280044.882904      470703.274974     109.1596
     313950.449391      487960.285904     198.8371
     268927.778905      450187.013537      28.1103
     301080.801389      463436.051007     418.0667
     267930.784613      480999.920761     174.0691
     284609.374058      518095.237105     372.8692
     303598.591511      477436.116664     346.1601
     266747.300926      450360.841533      30.5487
     281268.860210      512796.790513     331.3428
     308099.953522      462020.030661     325.2797
     276907.851190      461738.378503     176.1420
     264396.055170      451023.795738      21.9022
     264298.294340      478442.034149     157.5387
     311357.531179      520827.218529     385.8866
     249583.622392      455791.176046      12.2840
     259131.823289      453946.443206      16.9498
     260468.636073      454914.979141      23.5154
     279771.343292      504714.742095     239.5321
     273341.803337      472247.710013      11.1049
     286544.016095      516560.418812     459.5191
     316237.941816      467835.401841     180.2949
     235719.816032      459849.805750    1033.9741
     259050.551422      451564.175517      35.7884
     265970.770742      449740.419257      26.7456
     248551.055068      510268.576093     538.7403
     280294.492952      468182.666017     156.4733
     239522.110652      472520.852313     670.1201
     296800.999155      519569.310656     569.1713
     263802.196879      523153.886866     284.7342
     317936.497531      495847.189549     198.7256
     245277.109282      476692.814062     371.8758
     289203.312214      525106.343605     426.6673
     275082.157914      489912.069984      72.3952
     283615.573118      525009.010871     297.0621
     246152.178845      522458.135738    1137.4127
     279700.393054      453601.997853     318.7801
     242250.877819      524713.963272    1482.4641
     264671.186748      453062.285224      28.6728
     246869.507067      474298.076674     195.6154
     309601.773660      488571.111558     297.4271
     237942.849025      487884.640935    1389.0021
     266268.733904      469008.082381     116.1058
     247377.619966      467388.280525     119.8482
     244220.346154      529212.212279    1365.5272
     317820.497000      454472.020000     240.8694
     262530.633804      449654.746831      38.2615
     309607.196801      498990.812500     318.3679
     244063.610428      503209.698157    1151.5091
     260865.911740      476053.579163     148.8846
     317991.747933      520151.751227     200.6226
     255822.429455      510757.255821     200.3161
     285878.150056      498628.840282     367.7483
     262214.098727      450099.611802      38.4276
     276392.527095      478702.855087       9.8511
     266212.740897      450566.240782      25.6452
     240628.555870      522352.064055    1431.8624
     250059.339884      482101.831416     307.8328
     255764.014659      458801.399438      34.4838
     303353.843119      526410.120965     458.4820
     256430.103431      456277.069417      44.1665
     300668.544125      502883.074588     421.0558
     291364.400899      503624.197380     532.4745
     268200.653642      449640.603004      31.0199
     267748.333715      462286.006775      29.4505
     317982.008050      515867.163023     201.9837
     267751.738751      450013.921009      32.6321
     265892.415842      449832.286960      26.1154
     301281.957421      488729.294844     332.3026
     298441.730840      463109.675850     420.1242
     265569.390947      449834.298703      24.7701
     237901.909996      517999.108226    1506.8970
     266556.046947      452063.849016      27.3356
     277042.329143      521946.679006     254.6486
     302089.073433      528554.450772     469.4727
     265584.793667      450437.955413      22.3050
     292649.696570      528832.022018     454.9171
     250465.275277      508766.637992     451.0846
     312238.079219      513747.808442     268.1215
     286814.061196      472142.578082     329.5144
     307333.828420      505619.563157     309.6696
     240561.780845      451840.799866     455.9180
     307254.807082      459424.665790     361.3586
     303823.259876      493515.804602     320.8511
     267903.320618      455415.741611      41.2203
     257628.420023      460521.774441      14.0382
     313923.376996      493337.552576     223.5394
     252516.954821      486086.395170     216.3531
     283913.672277      459801.222075     263.0492
     277807.751818      469684.049761     115.4675
     262084.209114      527564.359494     255.4475
     270136.320766      522801.102133     299.5250
     266111.221238      451354.581704      25.3900
     235612.546473      463542.679623    1065.0500
     242363.224698      461278.943591     536.1761
     265670.497000      449647.020000      25.8119
     316368.337657      475031.886845      19.5198
     275343.652362      499967.644376     217.6310
     268221.502816      499548.864699     268.1821
     296489.471524      531388.199320     744.6774
     265020.573286      449915.274689      24.2788
     263064.774042      449653.414422      38.3590
     311487.520140      457985.444877     336.6613
     261847.142167      452151.164015      38.1614
     263707.466850      451526.689742      27.0246
     309798.130943      496338.281281     310.4423
     264732.771060      449817.843106      30.2603
     315952.834217      486464.524283      82.2437
     250169.311912      486898.744251     398.1583
     308363.741863      478829.121765     259.9608
     317899.431024      479541.449320      81.5803
     267172.349413      451967.219418      22.7511
     292328.979765      467317.130995     362.5716
     266104.474555      449756.708492      27.2455
     249844.903879      467078.626222      10.5256
     304921.854671      505169.888612     334.3963
     300735.343819      456474.050916     439.2162
     248096.906246      495082.975215     683.4787
     308892.682561      464564.043306     302.0250
     282746.578812      464506.597779     211.6237
     291078.240643      453873.750131     520.2677
     264998.656377      503588.080400     252.8441
     259793.034533      450539.893157      26.8327
     309157.890109      481129.370434     269.1958
     293424.210488      501805.414820     530.1106
     306865.738243      528868.254295     469.5246
     253227.301440      459429.618938      40.0368
     271078.437489      449633.424345      18.5335
     260179.738080      459977.333631      34.0266
     308514.611411      501248.731227     318.5137
     317959.147437      505810.903881     205.1760
     242896.923519      483255.614118     863.0152
     269359.493957      449637.712267      24.7959
     265909.838301      450123.761781      25.2181
     267239.367088      456816.477178      50.9982
     275494.643363      476250.692018      17.6809
     307890.400066      531118.656019     476.6223
     265621.284477      450189.730631      23.6938
     237898.287977      485267.492255    1297.1085
     265512.944264      476124.710396     154.6473
     264808.604645      451864.804852      21.5486
     276280.088372      451074.643982     180.5953
     299758.166726      492614.813793     386.8956
     316068.514650      499968.716707     193.7287
     265865.186332      451649.776625      24.3125
     245461.245840      518364.879316     918.8893
     243017.154068      478277.061768     599.8425
     298900.412270      504673.459859     498.8918
     313048.163236      502679.811019     267.2745
     289648.887265      471477.695866     355.2673
     265774.216539      449714.473073      26.0174
     235537.887389      489144.343433    1606.0556
     307391.863169      490206.670095     305.1133
     271195.626822      452950.691956      21.6023
     282012.453609      474531.521040     122.8101
     274948.600818      520484.319906     263.6887
     294085.088085      503887.141268     552.4147
     265019.985177      454752.349607      37.0415
     269485.348024      455366.059135      36.5480
     288130.674551      457683.917331     436.8562
     258420.742004      496644.390103     231.3309
     317942.547996      498508.453491     207.5010
     307972.903667      507878.166824     294.5958
     264979.140411      451402.154681      20.0697
     263555.688786      452175.269441      29.0348
     266034.848843      449646.005586      27.3252
     288577.408716      520342.322220     479.8250
     263176.330134      525347.903381     270.4611
     275252.428897      487179.603540     193.0292
     288659.977768      504398.491088     489.6428
     242228.613247      520295.706764    1232.6001
     263736.374513      468132.966844      33.7110
     247674.955024      483388.962462     525.2376
     284141.631243      522911.970473     338.4132
     237867.308720      477226.076811     934.2461
     265703.034982      449703.478043      25.7590
     251443.956480      491253.006613     326.6333
     265173.308067      450180.383467      21.6290
     259560.863197      498915.139594     257.7875
     271242.481350      455213.371458      16.7797
     239750.495366      508004.377466    1322.1960
     290139.575797      527308.491831     426.6330
     250568.166767      471527.502237      21.9015
     315385.679040      461672.697910     341.9279
     315973.601385      512261.048767     179.8305
     283388.262175      504916.682343     332.3455
     317918.153116      487777.461103     118.7022
     290587.577345      485482.105888     407.7504
     294131.989936      526962.582376     488.0277
     247176.263023      517292.000530     765.9646
     292085.796013      514826.921623     632.5560
     242018.610996      515743.036155    1119.2353
     274673.397348      465820.742117     170.8895
     308481.950812      517282.292711     362.7230
     258067.796596      519807.906493     297.8930
     295427.730988      521824.011562     551.8149
     281386.233635      460245.325365     189.7527
     254937.309818      484574.420113     169.9415
     297891.133912      517426.489369     548.7272
     249627.508727      462433.424045      16.3717
     268714.069835      449639.322291      29.1085
     317864.947524      463459.115690     229.3292
     271783.531991      514123.481301     242.7660
     253963.467090      456802.024775      46.3034
     310780.127250      462454.240646     319.8551
     250267.825296      520553.802463     863.5905
     242270.157940      453699.818619     333.6442
     235589.986091      505314.301688    1691.1462
     257236.018606      505872.345200     264.6079
     237362.942653      471717.830983     823.2599
     285949.922974      461479.061001     281.3246
     254553.318460      525376.834393     508.2445
     249052.060122      497459.066426     666.9495
     295201.452684      456172.779956     459.9664
     277475.696760      519669.293723     236.4617
     281312.163611      506422.244353     276.5933
     290178.217429      481218.764493     371.4688
     281838.000442      488474.824547     280.7380
     261671.119103      466543.365101      30.7954
     296843.481229      482668.674378     405.0716
     314336.035887      504816.387686     205.4162
     249956.853395      499758.729794     643.6042
     266670.666672      471655.364817     137.2375
     290757.745270      458421.711033     430.8280
     266256.305535      450066.360982      27.1554
     292644.314309      512483.042253     646.1388
     255389.293544      520475.960739     513.7148
     283305.920397      462140.292606     205.9031
     302471.436690      486562.806250     312.6264
     307512.552947      487545.604225     295.8022
     313140.860054      471211.877686     190.6214
     264546.589581      499253.032187     236.2276
     299099.877384      515344.425458     505.9656
     252311.960335      524973.810255     696.0114
     268557.876931      456720.409874      43.6666
     313383.225320      456648.017454     295.4238
     315709.063153      464495.719339     296.5866
     297036.216165      465146.129167     405.2857
     277213.607976      465584.258025     163.3040
     251387.466245      504384.980933     518.5042
     269989.940413      508793.797573     252.3576
     263399.178431      451005.416995      31.1170
     317905.635485      482271.069911      64.0650
     265283.204700      449745.066772      23.9776
     264601.688000      450666.443560      21.8292
     255527.992949      501076.588112     282.9175
     307758.675397      476188.390139     255.6316
     316110.486188      506486.519693     205.5800
     237995.308045      479955.805561    1028.7834
     261369.002481      505741.898550     263.1915
     265750.787646      450487.768811      23.1160
     266606.502864      487655.267925     169.6928
     312346.404410      506511.894872     240.8692
     301575.435757      493991.869792     359.7489
     295258.694605      480863.765000     402.5535
     259731.546478      452627.471842      26.6527
     261968.253345      478320.725327     161.8891
     310714.932476      501771.103188     306.5249
     240741.240167      518110.980643    1266.9902
     259848.929066      462316.310510      18.2544
     240050.251644      499952.311757    1458.0009
     276194.374409      529174.745180     215.7525
     269233.865193      451889.754182      31.4478
     266586.512937      498400.976744     244.6788
     315977.786541      497257.062647     153.7121
     277616.171128      514696.018883     278.6702
     254991.699906      472633.100397      30.4472
     244280.561538      456769.081817     291.2896
     242076.819598      491572.704407    1136.7679
     300715.651484      521863.378079     486.8037
     266571.248512      455797.579250      47.4599
     307075.797660      466670.037339     302.0380
     265431.774151      449780.901460      24.3774
     239778.095839      462666.917642     746.9417
     237732.021764      498586.621724    1635.4260
     287786.206404      481190.708678     330.1629
     291662.662703      483245.585231     401.9171
     300298.675837      513229.412293     490.0282
     295290.472156      491454.052840     432.4678
     270142.149162      449635.759941      19.5663
     282422.745842      466834.749432     209.2585
     247927.862330      476136.297299     189.8784
     239938.092706      460125.920949     712.1927
     268017.448729      489814.545729     186.4801
     265741.257400      449646.737949      26.1061
     292395.695537      519768.346275     573.4916
     257248.349462      512446.238429     175.0639
     275518.393288      471008.664370      17.1889
     305541.500798      495354.605213     318.6617
     294912.081258      460694.041008     411.3302
     265431.351846      450102.044315      22.9092
     285282.451322      449597.992513     598.0659
     285108.954466      465967.033833     299.1646
     271373.355746      473924.808944       7.0049
     267243.007700      496087.046543     195.6076
     274291.086238      514146.003051     246.9473
     262101.832791      453154.766824      36.5372
     301029.223550      451970.150585     448.3865
     317996.744589      522349.827420     199.9237
     264354.828601      455491.202673      45.7583
     235608.125355      510944.102033    1591.5625
     315157.290023      458880.130032     306.2021
     264812.491958      449649.054751      32.2322
     296648.377166      498022.480638     494.6919
     270931.119717      506124.677782     241.7379
     245324.897362      479451.534710     496.3959
     266732.401773      492088.290849     176.1877
     265602.917605      450632.887265      21.5085
     260009.479959      503191.022180     272.2190
     243791.617200      511073.381224     915.7171
     317970.563735      510832.925044     203.5810
     265942.660255      529278.884771     177.1324
     265073.261704      450524.476927      19.8457
     264618.012431      531483.258150    1401.3664
     281039.733936      528995.325035     229.5178
     265947.927983      456859.211913      54.8556
     253587.068259      511646.471043     180.8675
     279874.037053      531437.755998    1087.0267
     259054.547135      531499.851258    1515.9956
     261545.698516      450312.190290      37.4775
     237890.823143      455921.852845     735.6883
     270673.637725      489792.643073     101.5357
     260870.907730      510024.791916     264.3431
     306428.523159      510003.470056     327.6712
     314503.722425      528379.219605     355.0438
     235652.792023      524807.323405    1882.0152
     254905.243594      529478.330351     469.9334
     239259.526607      449712.796529     573.4380
     304556.461975      459098.077097     397.6707
     284326.338741      502862.956488     348.6994
     300865.405945      530581.783259     486.5484
     315875.990437      526177.737289     284.9323
     274084.228274      478567.615207      11.3797
     304545.823223      519886.024528     413.4629
     246683.114586      529491.316607    1167.5190
     277147.269292      482503.142764     139.5853
     265764.480997      450175.567020      24.4435
     235512.525294      481272.735596    1275.5639
     278842.357984      512657.018025     285.7848
     246377.014339      503589.925753     945.7514
     259629.516054      464846.311998      23.8528
     292976.531887      462658.353221     387.1977
     240152.453120      502547.949743    1444.5261
     266597.134576      449644.602965      29.7423
     245259.913605      461201.567722     282.3938
     269198.264467      478843.999576     126.4112
     290898.568284      449583.983228     592.4825
     292940.190855      491350.895492     429.6930
     261913.517379      455752.232294      16.9946
     235504.032357      478636.762177    1163.6113
     265204.634663      452165.627962      23.1433
     266364.938375      517456.781272     249.3231
     292846.791765      517284.249604     615.2096
     282476.360273      453592.767421     450.2620
     257387.056985      451111.280501      20.5853
     298942.803504      494652.629035     421.6695
     264431.174907      473399.383035     142.7723
     260622.714605      525599.652486     252.0824
     278511.526680      455705.785799     206.7555
     289655.792062      476202.483157     339.9121
     253174.136144      470914.163779      16.6451
     270531.969721      450438.152632      22.7671
     297971.957828      456324.244826     454.8863
     239868.998880      457201.682357     616.3163
     273190.197816      459365.043541     167.4358
     260887.150900      496733.291393     211.0420
     293157.085168      485238.814409     418.4425
     265089.283228      451045.466156      18.3977
     239595.949016      516135.818131    1326.0588
     293956.652381      478616.709233     380.3351
     277334.265128      449617.819315     224.0137
     274488.107036      453866.133138     115.7243
     276551.482353      502040.748163     202.2238
     296299.718003      476770.503115     382.2980
     277848.448759      510635.632058     247.5370
     259471.865115      478349.365772     171.5535
     263074.229513      451612.490474      32.7953
     243221.478606      517970.009087    1076.8750
     256402.356727      449670.033857      22.0172
     306113.745894      492846.709200     308.6521
     281170.973735      479956.461136     117.4001
     268787.370716      501787.647382     264.6202
     304815.785866      513807.702627     359.3140
     297679.985608      500079.049883     484.4442
     270869.027864      468467.895369     170.2839
     313976.352911      466121.349176     279.8932
     250244.874168      453579.611733      21.6259
     285001.207004      477465.255176     227.7580
     277208.292168      493679.029597     175.5883
     272832.811096      490964.890767       3.7722
     266825.945062      449644.032199      30.7285
     266656.394086      449838.643914      30.1532
     237620.511268      509461.347063    1450.5937
     282627.233389      517046.207137     331.5774
     268268.712092      524800.142232     260.6681
     302878.576729      503999.508831     368.5558
     269788.286760      515552.174061     234.6512
     306275.594298      456884.370745     390.4047
     261233.908504      469142.266269      30.5008
     305777.814988      517752.302824     372.5877
     271566.938894      450574.941088      10.6483
     266450.659727      449739.671926      29.1868
     298580.841150      508913.974342     500.7753
     281573.873232      491132.104449     272.4936
     276586.467967      497887.128138     209.2203
     298398.302642      525901.343368     483.5019
     253507.409985      531516.395648    1630.2883
     237715.640730      493164.454621    1520.6380
     265354.712636      449805.547016      23.8121
     305420.552893      483818.429592     293.7413
     266039.467010      454296.825508      16.8778
     271994.576846      465685.292076     181.7968
     299324.907013      482361.493629     381.5429
     273356.392125      469802.542478     104.2641
     263341.032270      450028.892972      36.9949
     271026.650766      529183.472516     186.5076
     302869.750151      531328.311046     488.2720
     254422.831510      498551.913793     297.6187
     277913.126480      499982.206727     210.9615
     306241.426347      471182.140894     290.9898
     265326.108998      449647.773538      24.4007
     256802.337316      477840.611021     150.0876
     313697.753658      524316.246827     367.4165
     273201.591129      467652.394649     155.9730
     305473.591733      461596.155153     362.4053
     286547.092504      519290.499917     417.6400
     250022.582503      479559.666468     218.6796
     249782.878323      474287.366671     135.0049
     289545.336149      508686.531328     587.9629
     312791.431066      460462.698440     334.0361
     267045.804720      450574.960850      32.4217
     271692.076362      461403.384137     144.7741
     295882.323396      501921.791317     522.9815
     310827.349563      526163.407258     441.8832
     271132.516308      471111.156941     106.1268
     317964.930898      508355.015075     204.3684
     311409.697038      523359.244588     417.9825
     265179.313704      449759.997527      24.5092
     265944.163146      466453.717473      66.8557
     260320.172514      514624.378828     209.8723
     300250.971284      500473.753684     428.6389
     317948.632460      501185.342646     206.6456
     304110.903087      481900.212255     315.1477
     315892.418602      452427.608785     188.9676
     237187.511133      528064.312343    1955.1050
     235770.497000      526122.020000    1967.5248
     257338.085353      465600.215221      24.7500
     281564.163709      503520.163726     277.4690
     252872.361910      449678.839372      30.6664
     290417.028652      516260.371599     588.9044
     266648.634380      478712.491701     174.8562
     290616.086824      521450.074988     509.9318
     265292.894591      450088.177001      22.1034
     258921.353168      523789.192952     263.3794
     266743.904892      450060.644696      30.7082
     237488.074392      461616.865072     931.1176
     269664.532822      450305.515757      23.8851
     265297.583126      453323.928673      28.6651
     263995.404805      516866.191863     243.1217
     285972.997083      505100.051241     420.4807
     281056.495954      526236.418554     266.0141
     249158.471513      515986.527392     567.1209
     302052.559897      524058.667863     462.1277
     254115.779177      451796.625304      27.6554
     267565.247185      522511.735043     283.7853
     279861.522752      519308.758319     257.3079
     237741.569293      452186.692782     703.0447
     265556.377096      451126.283828      21.1775
     280425.509616      517137.391733     284.7891
     250579.127555      449684.559574      25.4130
     303656.628139      470756.109262     342.9538
     260807.646206      453531.720956      27.9226
     255239.840289      489764.688924     158.5834
     315883.213998      515226.037933     205.6802
     240259.837578      486737.357807    1185.2676
     241745.373084      529232.560396    1565.2652
     306299.639734      464130.569561     326.4402
     258407.176366      457986.187445      34.6096
     264230.128489      451958.276073      23.1032
     295224.390755      451849.755639     529.4486
     277769.269315      474764.653977      20.6076
     317987.930555      524982.963533     190.3102
     265405.924329      457946.917753      53.0790
     292120.757773      487411.188679     422.0396
     266072.887352      450183.698389      25.6945
     284723.788590      509384.902972     437.4814
     293094.891733      521990.776466     542.6084
     311924.300696      499971.489930     300.8331
     239885.815839      505312.476092    1370.8075
     235581.292142      502615.799669    1782.2346
     294140.599376      473388.919833     346.2298
     266178.167039      452522.898726      26.3631
     299138.378873      531380.298648     690.0977
     301293.481090      508911.291032     434.9133
     266017.197300      449863.785524      26.5277
     253371.493898      496104.122390     287.9478
     265554.468431      450092.249723      23.7290
     302383.703760      491406.882165     330.8747
     274240.963636      497664.454084     230.8091
     304947.012526      486365.155838     289.2825
     302318.048747      479748.518644     357.4500
     283761.335389      499963.865713     331.7092
     310121.793039      477008.197417     214.6623
     279510.928175      490133.742553     223.7696
     284348.946472      487785.900612     322.9848
     304826.282215      491017.976178     307.5088
     265636.743297      452372.275841      25.4055
     265373.107662      449730.294929      24.2792
     235626.283430      516579.848970    1653.3260
     302949.396914      506844.457040     388.9031
     291103.257220      489575.702540     415.9522
     269076.608533      472420.398663     105.4186
     250435.067979      489077.562948     393.9649
     260336.761167      456561.064222      30.8012
     301563.493115      515557.199593     458.9215
     237830.077515      501264.014741    1644.1451
     277738.313771      486362.879359     194.5452
     300807.484941      484467.991017     350.4594
     265357.999865      449897.214122      23.4046
     312720.775673      477745.682018     185.3851
     261591.673107      483053.904425     198.0397
     265425.928390      455805.476149      52.1096
     297428.346791      460909.423468     423.6031
     244667.359723      492169.658903     926.5503
     265266.044634      449956.095848      22.6386
     312942.914079      509248.192249     227.6124
     315941.902567      489199.023407     127.3124
     271559.872241      497503.541199     246.7293
     304900.431969      497700.095319     322.1456
     303903.742005      452013.150765     413.3488
     266239.163593      501279.625353     268.6446
     272982.055036      463640.808334     197.6572
     272197.502437      449630.632897      24.4757
     295369.318585      517242.951192     612.3071
     266859.843041      452587.023600      19.1230
     275315.573981      495275.384177     196.1594
     251390.790496      516105.091958     475.8462
     278262.069092      480163.517610      66.4928
     247869.925421      531533.210375    1746.4483
     293832.902238      454017.948026     497.8922
     301961.728665      465895.257903     391.1132
     252328.956027      466625.028202      19.2892
     265640.893718      449697.530118      25.5213
     273306.534465      485543.910638     175.2021
     265797.366806      524598.223008     274.6277
     237634.750551      520775.163131    1583.3183
     264454.814034      512558.387503     235.3157
     263895.227864      450932.819306      26.6954
     285520.530690      485687.851704     330.0038
     252042.393381      475848.014105     140.7490
     247253.564003      499346.572606     852.7199
     311944.889281      494887.332538     279.9510
     261919.715046      454354.944341      22.8114
     275595.491982      518065.825502     241.5411
     315616.221211      517776.243780     231.1669
     266495.528374      450159.844415      28.9236
     264974.494336      449648.650640      29.7562
     266069.157117      450375.315096      25.0417
     267048.779809      450182.286458      32.1202
     264578.326304      451474.499597      20.3125
     235521.031956      483912.952152    1399.3245
     257297.680176      486079.941413     174.7082
     310760.449513      469867.370637     255.0362
     298529.592882      449564.947654     499.1884
     296127.083896      508610.380223     577.2817
     260515.310219      490026.826513     155.5822
     291879.496456      497603.943195     464.7374
     265413.045590      449647.556672      24.7433
     257506.501395      472307.246438      47.3539
     307033.160558      499110.358339     317.2499
     254188.566436      474783.775740      82.3803
     265956.024641      510483.998758     233.3486
     286060.406912      489458.868925     357.2262
     264134.276794      449650.746553      37.3393
     271909.673653      483289.584652     184.3397
     272853.693150      499699.242425     247.1027
     306156.643483      501058.134362     317.7440
     241709.531968      509406.365350    1134.7379
     237822.950669      503902.226154    1570.2531
     240384.015561      484312.956759    1079.5559
     308215.841129      492333.549022     309.0204
     264690.913807      452396.576766      22.8811
     273867.004281      501932.682086     223.2746
     240631.368100      479690.400646     830.9516
     267239.373606      453267.664039      12.9230
     300154.496367      461013.959429     429.2388
     279791.961356      514999.736042     303.2502
     256578.499126      474890.595319      92.5389
     308461.843868      514639.251633     330.6834
     278489.664212      463424.141526     170.9739
     263217.715169      452956.344240      34.7911
     302637.917376      513423.996364     411.1838
     253985.739038      468585.856001      31.0776
     266006.555953      452040.929616      25.9557
     305403.433555      468731.955152     313.0679
     282102.206909      472051.501808     147.7853
     237940.702143      482650.264916    1173.6564
     304527.850334      466246.604275     341.2310
     265493.747666      450198.083053      22.8529
     251494.789824      457417.027444      26.2433
     294008.235436      531395.599849     795.8020
     286163.465034      507604.433959     461.4665
     285655.557743      511476.000938     485.5458
     295565.297003      463173.095557     401.1446
     260021.397831      485222.966728     188.1455
     275750.047234      473512.597598      16.5795
     254692.182430      449674.299893      36.6743
     279316.319678      497878.600635     230.0209
     314363.034877      476152.439771     138.5629
     295796.617381      484920.442663     411.5683
     298084.844428      451885.334925     498.5743
     267351.492318      451354.979124      23.6690
     260509.744183      449659.787934      26.0476
     294379.046171      471011.403402     346.5412
     312045.601927      451844.012749     265.4942
     300233.627974      490586.289253     356.1433
     263418.108839      456264.560983      22.7768
     254763.109199      487090.358413     158.4096
     241153.161846      470612.674158     479.3067
     296164.599792      449570.847102     546.0039
     246230.733190      490062.170640     748.0469
     252717.842272      500250.334202     415.7654
     265352.018632      521732.167734     288.4603
     285840.887876      529043.433815     287.1785
     300821.458211      496357.777070     394.2840
     262931.229188      489939.872623     201.4744
     302165.705500      498541.344224     370.8554
     245340.611511      482096.702745     651.8719
     292764.619608      505755.423448     579.1806
     316420.497000      449647.020000     164.6266
     268356.640162      494181.655792     168.5991
     263905.867175      465324.082719      34.9730
     252373.266590      493698.774593     288.4334
     261901.312163      449656.316686      35.8989
     252369.258383      507082.697474     386.0637
     298339.238393      502298.651787     475.2335
     313207.194082      526409.207186     385.9790
     276201.490839      512766.943442     253.2855
     313504.648894      449600.724822     230.0454
     237626.397335      515076.602591    1465.6391
     285710.200581      501013.583418     373.9084
     266841.000942      454815.624702      24.3222
     265414.732025      450369.927724      21.5535
     255506.734066      503823.984527     276.1498
     267627.118623      452529.565829      17.1852
     261962.452264      512372.710232     241.4315
     264829.895392      450187.517662      23.4869
     266421.639049      449927.984274      28.8441
     259840.729238      521509.000520     278.8744
     317859.805291      460999.257373     296.1125
     292337.835126      456188.115654     466.4550
     283854.235685      455577.637355     428.3204
     273194.513033      493601.523347     141.7259
     266278.720735      450287.819390      26.8322
     265454.346983      449931.405105      23.8507
     296553.993031      504198.319766     526.4473
     250025.411866      484599.342510     376.2390
     252325.408014      483577.545872     216.0036
     265418.625526      450726.021589      19.9148
     254251.287504      482162.545511     182.3438
     235644.144379      522123.425009    1784.0966
     270414.164101      499579.538956     265.4456
     287421.938634      476833.205312     306.0183
     288421.077058      514947.595313     559.7174
     287108.242730      487612.692150     376.7481
     263807.925005      457669.834607      44.4020
     252325.527549      480815.733833     196.3290
     251935.235286      451830.535578      43.7928
     286157.231964      469612.908158     335.4938
     264104.470402      483150.993609     178.2390
     269560.783917      527201.259077     239.6614
     283808.649072      475674.203174     187.5431
     272232.940080      531460.546098    1244.4662
     284379.970278      473219.360006     239.4889
     313908.377997      485328.420664     192.0807
     270099.712466      452431.359124      28.9990
     268644.096983      506312.659287     252.3732
     265444.845710      489933.301076     183.6170
     311800.184112      486953.403322     258.3582
     259706.166014      449661.792423      19.9912
     295182.867062      506197.426491     572.5268
     266268.600046      449782.289853      27.9104
     273519.586695      449627.334985      56.4318
     245423.076122      513024.230255     788.9920
     240015.236276      524579.877116    1610.2741
     270222.084812      463426.109155     145.7926
     308824.824982      471732.256142     257.2798
     313691.682610      454025.179120     229.7818
     286068.714475      474876.969854     280.9740
     265452.160708      449713.633326      24.6856
     292069.613112      472171.495825     341.6356
     292866.951442      481092.003996     395.2402
     256619.295248      518196.407734     388.8013
     243136.117399      468920.575152     315.0976
     285411.305795      463714.035362     275.9277
     274962.587942      504006.595965     204.4334
     238737.845887      469672.673072     650.3892
     263149.880633      450478.991252      35.3591
     285182.638450      457472.729821     399.3739
     242889.641392      493997.472200    1109.6710
     249391.268298      529388.972030     949.5705
     256468.660544      524392.070355     350.8577
     291984.748453      526047.192300     473.8095
     278052.425203      517230.800256     254.0584
     317920.497000      528122.020000     212.3216
     268295.775732      450090.454113      30.7755
     299896.329494      486683.346853     348.6483
     272358.584850      503989.404575     226.9266
     290535.522785      518719.476762     550.7154
     287894.913356      495136.448566     390.6781
     265491.637581      449647.360625      25.0696
     242902.597243      466055.347407     408.6166
     279618.839494      449612.120467     367.5889
     285268.195147      526758.741738     304.1479
     265558.412823      449647.194054      25.3469
     237771.981809      464477.673340     860.8856
     264517.669434      470640.782392     120.2679
     265768.468572      459509.129409      48.6854
     240055.572862      513708.266569    1238.9202
     288001.450767      512245.073981     573.1436
     266324.572963      449645.282867      28.5676
     313623.464500      468765.636974     225.6893
     274798.742111      531452.893668    1191.6013
     235529.518770      486547.005666    1523.7665
     306692.846062      452100.751232     376.0550
     235563.846424      497201.250087    1792.9456
     295117.673772      529278.853407     484.9087
     247937.854823      460564.095839      97.0225
     315820.497000      530022.020000     344.0378
     239973.952783      475155.677879     731.4494
     262873.919960      494623.970965     166.2392
     272127.165146      457127.930171      69.3950
     287418.275666      467396.249806     355.3416
     292555.834501      464959.683344     374.2323
     246862.612495      456212.068423     110.0221
     260972.868146      452344.769365      35.1835
     315851.768489      523333.536853     265.7578
     241896.654703      473301.989103     525.8225
     263957.194364      453469.392037      32.5257
     263122.884615      455027.091237      14.3235
     309174.822886      503740.429033     304.8986
     289965.616504      466194.009026     366.6822
     265862.442726      449726.726036      26.3423
     255488.574030      463801.920849      33.1197
     267640.313420      454197.645937      14.8254
     313923.164641      495989.586580     205.4086
     296109.761314      495454.086787     474.0894
     262705.332313      485358.677960     170.1275
     237758.629326      512371.589914    1399.4392
     296411.473989      458494.952498     434.3951
     265057.635097      449775.735948      26.0768
     296427.120738      469839.913514     371.6869
     300046.172797      507066.242178     455.2957
